task_id=2;
center=250;
test_error_HBF1=7.490417e+08;
train_error_HBF1=7.266897e+08;
test_error_RBF=1.603722e+00;
train_error_RBF=1.622221e+00;
