task_id=1;
center=10;
test_error_HBF1=1.532881e+06;
train_error_HBF1=1.488299e+06;
test_error_RBF=3.128511e+01;
train_error_RBF=3.153440e+01;
