task_id=1;
secs=8.045372e+01;
minutes=1.340895e+00;
hours=2.234825e-02;
iterations=100;
center=10;
data_set= '../../hbf_research_data/data_MNIST_0.7_0.15_0.15_49000_10500_10500.mat' ;