task_id=1;
secs=5.594743e+01;
minutes=9.324571e-01;
hours=1.554095e-02;
iterations=5;
center=10;
data_set= '../../hbf_research_data/data_MNIST_0.7_0.15_0.15_49000_10500_10500.mat' ;