task_id=1;
center=10;
test_error_HBF1=8.920028e+01;
train_error_HBF1=8.812491e+01;
test_error_RBF=8.949414e+01;
train_error_RBF=8.742709e+01;
