task_id=2;
center=250;
test_error_HBF1=8.920028e+01;
train_error_HBF1=8.812491e+01;
test_error_RBF=1.992222e+02;
train_error_RBF=8.076059e+01;
