task_id=2;
secs=4.258169e+01;
minutes=7.096948e-01;
hours=1.182825e-02;
iterations=100;
center=250;
data_set= '../../hbf_research_data/data_MNIST_0.7_0.15_0.15_49000_10500_10500.mat' ;