task_id=1;
secs=1.904008e+01;
minutes=3.173347e-01;
hours=5.288911e-03;
iterations=100;
center=10;
data_set= '../../hbf_research_data/data_MNIST_0.7_0.15_0.15_49000_10500_10500.mat' ;