task_id=3;
center=130;
test_error_HBF1=1.662613e+06;
train_error_HBF1=1.625021e+06;
test_error_RBF=4.284250e+00;
train_error_RBF=4.370876e+00;
