task_id=4;
center=190;
test_error_HBF1=2.821007e+06;
train_error_HBF1=2.752228e+06;
test_error_RBF=2.597184e+00;
train_error_RBF=2.639129e+00;
