task_id=5;
center=250;
test_error_HBF1=5.693038e+06;
train_error_HBF1=5.521151e+06;
test_error_RBF=1.587571e+00;
train_error_RBF=1.608004e+00;
