task_id=1;
center=10;
test_error_HBF1=2.945231e+04;
train_error_HBF1=2.889958e+04;
test_error_RBF=3.112367e+01;
train_error_RBF=3.139815e+01;
