task_id=2;
center=70;
test_error_HBF1=7.839533e+05;
train_error_HBF1=7.693932e+05;
test_error_RBF=8.489431e+00;
train_error_RBF=8.713438e+00;
