task_id=2;
secs=8.565007e+03;
minutes=1.427501e+02;
hours=2.379169e+00;
iterations=1100;
center=70;
data_set= '../../hbf_research_data/data_MNIST_0.7_0.15_0.15_49000_10500_10500.mat' ;