task_id=5;
secs=4.707919e+04;
minutes=7.846532e+02;
hours=1.307755e+01;
iterations=1100;
center=250;
data_set= '../../hbf_research_data/data_MNIST_0.7_0.15_0.15_49000_10500_10500.mat' ;