task_id=4;
secs=3.926237e+04;
minutes=6.543729e+02;
hours=1.090621e+01;
iterations=1100;
center=190;
data_set= '../../hbf_research_data/data_MNIST_0.7_0.15_0.15_49000_10500_10500.mat' ;