task_id=1;
secs=7.179979e+03;
minutes=1.196663e+02;
hours=1.994439e+00;
iterations=1100;
center=10;
data_set= '../../hbf_research_data/data_MNIST_0.7_0.15_0.15_49000_10500_10500.mat' ;