task_id=3;
secs=3.269992e+04;
minutes=5.449987e+02;
hours=9.083312e+00;
iterations=1100;
center=130;
data_set= '../../hbf_research_data/data_MNIST_0.7_0.15_0.15_49000_10500_10500.mat' ;