task_id=1;
secs=1.286060e+01;
minutes=2.143433e-01;
hours=3.572388e-03;
iterations=5;
center=10;
data_set= '../../hbf_research_data/data_MNIST_0.7_0.15_0.15_49000_10500_10500.mat' ;