task_id=1;
secs=1.385141e+02;
minutes=2.308568e+00;
hours=3.847613e-02;
iterations=1000;
center=10;
data_set= '../../hbf_research_data/data_MNIST_0.7_0.15_0.15_49000_10500_10500.mat' ;