task_id=2;
secs=2.062101e+02;
minutes=3.436835e+00;
hours=5.728058e-02;
iterations=1000;
center=70;
data_set= '../../hbf_research_data/data_MNIST_0.7_0.15_0.15_49000_10500_10500.mat' ;