task_id=3;
secs=2.707426e+02;
minutes=4.512377e+00;
hours=7.520628e-02;
iterations=1000;
center=130;
data_set= '../../hbf_research_data/data_MNIST_0.7_0.15_0.15_49000_10500_10500.mat' ;