task_id=3;
secs=5.065147e+02;
minutes=8.441911e+00;
hours=1.406985e-01;
iterations=5000;
center=130;
data_set= '../../hbf_research_data/data_MNIST_0.7_0.15_0.15_49000_10500_10500.mat' ;