task_id=5;
secs=4.923676e+02;
minutes=8.206127e+00;
hours=1.367688e-01;
iterations=5000;
center=250;
data_set= '../../hbf_research_data/data_MNIST_0.7_0.15_0.15_49000_10500_10500.mat' ;