task_id=2;
secs=4.203118e+02;
minutes=7.005197e+00;
hours=1.167533e-01;
iterations=5000;
center=70;
data_set= '../../hbf_research_data/data_MNIST_0.7_0.15_0.15_49000_10500_10500.mat' ;