task_id=4;
secs=5.852603e+02;
minutes=9.754338e+00;
hours=1.625723e-01;
iterations=5000;
center=190;
data_set= '../../hbf_research_data/data_MNIST_0.7_0.15_0.15_49000_10500_10500.mat' ;