task_id=2;
secs=8.353841e+02;
minutes=1.392307e+01;
hours=2.320511e-01;
iterations=10000;
center=70;
data_set= '../../hbf_research_data/data_MNIST_0.7_0.15_0.15_49000_10500_10500.mat' ;