task_id=3;
secs=2.009850e+03;
minutes=3.349750e+01;
hours=5.582916e-01;
iterations=10000;
center=130;
data_set= '../../hbf_research_data/data_MNIST_0.7_0.15_0.15_49000_10500_10500.mat' ;