task_id=5;
secs=1.334420e+02;
minutes=2.224033e+00;
hours=3.706721e-02;
iterations=1000;
center=250;
data_set= '../../hbf_research_data/data_MNIST_0.7_0.15_0.15_49000_10500_10500.mat' ;