task_id=3;
secs=8.924360e+01;
minutes=1.487393e+00;
hours=2.478989e-02;
iterations=1000;
center=130;
data_set= '../../hbf_research_data/data_MNIST_0.7_0.15_0.15_49000_10500_10500.mat' ;