task_id=1;
secs=6.143834e+01;
minutes=1.023972e+00;
hours=1.706621e-02;
iterations=1000;
center=10;
data_set= '../../hbf_research_data/data_MNIST_0.7_0.15_0.15_49000_10500_10500.mat' ;