task_id=2;
secs=9.788111e+01;
minutes=1.631352e+00;
hours=2.718920e-02;
iterations=1000;
center=70;
data_set= '../../hbf_research_data/data_MNIST_0.7_0.15_0.15_49000_10500_10500.mat' ;