task_id=1;
secs=7.487093e+00;
minutes=1.247849e-01;
hours=2.079748e-03;
iterations=5;
center=10;
data_set= '../../hbf_research_data/data_MNIST_0.7_0.15_0.15_49000_10500_10500.mat' ;