task_id=2;
center=70;
test_error_HBF1=6.320061e+01;
train_error_HBF1=6.319995e+01;
test_error_RBF=9.176765e+01;
train_error_RBF=8.526573e+01;
