task_id=3;
center=130;
test_error_HBF1=8.920028e+01;
train_error_HBF1=8.812491e+01;
test_error_RBF=2.292529e+01;
train_error_RBF=2.321901e+01;
