task_id=1;
center=10;
test_error_HBF1=5.691859e+01;
train_error_HBF1=5.671419e+01;
test_error_RBF=8.863644e+01;
train_error_RBF=8.756405e+01;
