task_id=4;
center=190;
test_error_HBF1=8.920027e+01;
train_error_HBF1=8.812490e+01;
test_error_RBF=4.209600e+01;
train_error_RBF=4.102454e+01;
