task_id=5;
center=250;
test_error_HBF1=6.035904e+01;
train_error_HBF1=6.037317e+01;
test_error_RBF=4.548417e+01;
train_error_RBF=4.432652e+01;
