task_id=5;
secs=7.024607e+03;
minutes=1.170768e+02;
hours=1.951280e+00;
iterations=3000;
center=250;
data_set= '../../hbf_research_data/data_MNIST_0.7_0.15_0.15_49000_10500_10500.mat' ;