task_id=1;
secs=2.253511e+03;
minutes=3.755851e+01;
hours=6.259752e-01;
iterations=3000;
center=10;
data_set= '../../hbf_research_data/data_MNIST_0.7_0.15_0.15_49000_10500_10500.mat' ;