task_id=3;
secs=4.408735e+03;
minutes=7.347892e+01;
hours=1.224649e+00;
iterations=3000;
center=130;
data_set= '../../hbf_research_data/data_MNIST_0.7_0.15_0.15_49000_10500_10500.mat' ;