task_id=4;
secs=5.318399e+03;
minutes=8.863999e+01;
hours=1.477333e+00;
iterations=3000;
center=190;
data_set= '../../hbf_research_data/data_MNIST_0.7_0.15_0.15_49000_10500_10500.mat' ;