task_id=2;
secs=3.347734e+03;
minutes=5.579557e+01;
hours=9.299262e-01;
iterations=3000;
center=70;
data_set= '../../hbf_research_data/data_MNIST_0.7_0.15_0.15_49000_10500_10500.mat' ;