task_id=5;
secs=9.786752e+02;
minutes=1.631125e+01;
hours=2.718542e-01;
iterations=10000;
center=250;
data_set= '../../hbf_research_data/data_MNIST_0.7_0.15_0.15_49000_10500_10500.mat' ;