task_id=1;
secs=6.703681e+02;
minutes=1.117280e+01;
hours=1.862134e-01;
iterations=10000;
center=10;
data_set= '../../hbf_research_data/data_MNIST_0.7_0.15_0.15_49000_10500_10500.mat' ;