task_id=3;
secs=9.789302e+02;
minutes=1.631550e+01;
hours=2.719250e-01;
iterations=10000;
center=130;
data_set= '../../hbf_research_data/data_MNIST_0.7_0.15_0.15_49000_10500_10500.mat' ;