task_id=1;
center=10;
test_error_HBF1=5.350975e+01;
train_error_HBF1=5.341139e+01;
test_error_RBF=8.939627e+01;
train_error_RBF=8.760351e+01;
