task_id=3;
center=130;
test_error_HBF1=5.105406e+01;
train_error_HBF1=5.112471e+01;
test_error_RBF=6.716097e+01;
train_error_RBF=6.584868e+01;
