task_id=2;
center=70;
test_error_HBF1=5.145419e+01;
train_error_HBF1=5.148202e+01;
test_error_RBF=9.015700e+01;
train_error_RBF=8.643479e+01;
