task_id=5;
center=250;
test_error_HBF1=5.171648e+01;
train_error_HBF1=5.177103e+01;
test_error_RBF=1.080140e+02;
train_error_RBF=8.404315e+01;
