task_id=4;
center=190;
test_error_HBF1=5.409011e+01;
train_error_HBF1=5.392596e+01;
test_error_RBF=1.554002e+02;
train_error_RBF=8.362547e+01;
