task_id=1;
secs=5.814628e+03;
minutes=9.691047e+01;
hours=1.615175e+00;
iterations=3000;
center=10;
data_set= '../../hbf_research_data/data_MNIST_0.7_0.15_0.15_49000_10500_10500.mat' ;