task_id=3;
secs=9.071485e+03;
minutes=1.511914e+02;
hours=2.519857e+00;
iterations=3000;
center=130;
data_set= '../../hbf_research_data/data_MNIST_0.7_0.15_0.15_49000_10500_10500.mat' ;