task_id=2;
secs=6.693198e+03;
minutes=1.115533e+02;
hours=1.859222e+00;
iterations=3000;
center=70;
data_set= '../../hbf_research_data/data_MNIST_0.7_0.15_0.15_49000_10500_10500.mat' ;