task_id=4;
secs=1.275987e+02;
minutes=2.126646e+00;
hours=3.544409e-02;
iterations=1000;
center=190;
data_set= '../../hbf_research_data/data_MNIST_0.7_0.15_0.15_49000_10500_10500.mat' ;