task_id=1;
secs=7.617396e+01;
minutes=1.269566e+00;
hours=2.115943e-02;
iterations=1000;
center=10;
data_set= '../../hbf_research_data/data_MNIST_0.7_0.15_0.15_49000_10500_10500.mat' ;