task_id=2;
center=250;
test_error_HBF1=8.223546e+08;
train_error_HBF1=7.997516e+08;
test_error_RBF=1.600655e+00;
train_error_RBF=1.623684e+00;
