task_id=1;
center=10;
test_error_HBF1=1.505848e+06;
train_error_HBF1=1.463264e+06;
test_error_RBF=3.155018e+01;
train_error_RBF=3.195565e+01;
