task_id=2;
secs=4.282105e+01;
minutes=7.136841e-01;
hours=1.189474e-02;
iterations=100;
center=250;
data_set= '../../hbf_research_data/data_MNIST_0.7_0.15_0.15_49000_10500_10500.mat' ;