task_id=1;
secs=1.809303e+01;
minutes=3.015504e-01;
hours=5.025841e-03;
iterations=100;
center=10;
data_set= '../../hbf_research_data/data_MNIST_0.7_0.15_0.15_49000_10500_10500.mat' ;