task_id=2;
secs=1.486680e+03;
minutes=2.477801e+01;
hours=4.129668e-01;
iterations=5000;
center=70;
data_set= '../../hbf_research_data/data_MNIST_0.7_0.15_0.15_49000_10500_10500.mat' ;