task_id=1;
secs=1.094236e+03;
minutes=1.823726e+01;
hours=3.039543e-01;
iterations=5000;
center=10;
data_set= '../../hbf_research_data/data_MNIST_0.7_0.15_0.15_49000_10500_10500.mat' ;