task_id=3;
secs=2.062862e+03;
minutes=3.438103e+01;
hours=5.730172e-01;
iterations=5000;
center=130;
data_set= '../../hbf_research_data/data_MNIST_0.7_0.15_0.15_49000_10500_10500.mat' ;