task_id=4;
secs=2.359171e+03;
minutes=3.931951e+01;
hours=6.553252e-01;
iterations=5000;
center=190;
data_set= '../../hbf_research_data/data_MNIST_0.7_0.15_0.15_49000_10500_10500.mat' ;