task_id=5;
secs=5.026602e+04;
minutes=8.377670e+02;
hours=1.396278e+01;
iterations=10000;
center=250;
data_set= '../../hbf_research_data/data_MNIST_0.7_0.15_0.15_49000_10500_10500.mat' ;