task_id=4;
secs=1.174463e+05;
minutes=1.957438e+03;
hours=3.262396e+01;
iterations=10000;
center=190;
data_set= '../../hbf_research_data/data_MNIST_0.7_0.15_0.15_49000_10500_10500.mat' ;