task_id=3;
secs=5.096065e+04;
minutes=8.493442e+02;
hours=1.415574e+01;
iterations=10000;
center=130;
data_set= '../../hbf_research_data/data_MNIST_0.7_0.15_0.15_49000_10500_10500.mat' ;