task_id=2;
secs=9.847338e+04;
minutes=1.641223e+03;
hours=2.735372e+01;
iterations=10000;
center=70;
data_set= '../../hbf_research_data/data_MNIST_0.7_0.15_0.15_49000_10500_10500.mat' ;