task_id=4;
secs=1.521263e+05;
minutes=2.535439e+03;
hours=4.225731e+01;
iterations=5000;
center=190;
data_set= '../../hbf_research_data/data_MNIST_0.7_0.15_0.15_49000_10500_10500.mat' ;