task_id=5;
secs=1.835213e+05;
minutes=3.058688e+03;
hours=5.097813e+01;
iterations=5000;
center=250;
data_set= '../../hbf_research_data/data_MNIST_0.7_0.15_0.15_49000_10500_10500.mat' ;