task_id=3;
secs=1.310153e+05;
minutes=2.183588e+03;
hours=3.639314e+01;
iterations=5000;
center=130;
data_set= '../../hbf_research_data/data_MNIST_0.7_0.15_0.15_49000_10500_10500.mat' ;