task_id=2;
secs=9.663319e+04;
minutes=1.610553e+03;
hours=2.684255e+01;
iterations=5000;
center=70;
data_set= '../../hbf_research_data/data_MNIST_0.7_0.15_0.15_49000_10500_10500.mat' ;