task_id=1;
secs=3.452275e+01;
minutes=5.753792e-01;
hours=9.589653e-03;
iterations=20;
center=5;
data_set= '../../hbf_research_data/data_MNIST_0.7_0.15_0.15_49000_10500_10500.mat' ;