task_id=1;
secs=2.569642e+04;
minutes=4.282737e+02;
hours=7.137895e+00;
iterations=3000;
center=10;
data_set= '../../hbf_research_data/data_MNIST_0.7_0.15_0.15_49000_10500_10500.mat' ;