task_id=2;
secs=1.251101e+04;
minutes=2.085168e+02;
hours=3.475279e+00;
iterations=3000;
center=70;
data_set= '../../hbf_research_data/data_MNIST_0.7_0.15_0.15_49000_10500_10500.mat' ;