task_id=4;
secs=1.883575e+04;
minutes=3.139292e+02;
hours=5.232154e+00;
iterations=3000;
center=190;
data_set= '../../hbf_research_data/data_MNIST_0.7_0.15_0.15_49000_10500_10500.mat' ;