task_id=5;
secs=1.625996e+04;
minutes=2.709993e+02;
hours=4.516654e+00;
iterations=3000;
center=250;
data_set= '../../hbf_research_data/data_MNIST_0.7_0.15_0.15_49000_10500_10500.mat' ;