task_id=5;
secs=6.099862e+04;
minutes=1.016644e+03;
hours=1.694406e+01;
iterations=5000;
center=250;
data_set= '../../hbf_research_data/data_MNIST_0.7_0.15_0.15_49000_10500_10500.mat' ;