task_id=4;
secs=5.363582e+04;
minutes=8.939303e+02;
hours=1.489884e+01;
iterations=5000;
center=190;
data_set= '../../hbf_research_data/data_MNIST_0.7_0.15_0.15_49000_10500_10500.mat' ;