task_id=3;
secs=3.913689e+04;
minutes=6.522815e+02;
hours=1.087136e+01;
iterations=5000;
center=130;
data_set= '../../hbf_research_data/data_MNIST_0.7_0.15_0.15_49000_10500_10500.mat' ;