task_id=2;
secs=9.931157e+04;
minutes=1.655193e+03;
hours=2.758655e+01;
iterations=5000;
center=70;
data_set= '../../hbf_research_data/data_MNIST_0.7_0.15_0.15_49000_10500_10500.mat' ;