task_id=1;
secs=6.742999e+04;
minutes=1.123833e+03;
hours=1.873055e+01;
iterations=5000;
center=10;
data_set= '../../hbf_research_data/data_MNIST_0.7_0.15_0.15_49000_10500_10500.mat' ;