task_id=2;
secs=4.145071e+02;
minutes=6.908451e+00;
hours=1.151409e-01;
iterations=2000;
center=70;
data_set= '../../hbf_research_data/data_MNIST_0.7_0.15_0.15_49000_10500_10500.mat' ;