task_id=4;
secs=6.300663e+02;
minutes=1.050111e+01;
hours=1.750184e-01;
iterations=2000;
center=190;
data_set= '../../hbf_research_data/data_MNIST_0.7_0.15_0.15_49000_10500_10500.mat' ;