task_id=3;
secs=4.165136e+02;
minutes=6.941893e+00;
hours=1.156982e-01;
iterations=2000;
center=130;
data_set= '../../hbf_research_data/data_MNIST_0.7_0.15_0.15_49000_10500_10500.mat' ;