task_id=3;
secs=1.195827e+02;
minutes=1.993045e+00;
hours=3.321741e-02;
iterations=1000;
center=130;
data_set= '../../hbf_research_data/data_MNIST_0.7_0.15_0.15_49000_10500_10500.mat' ;