task_id=4;
secs=2.364227e+02;
minutes=3.940379e+00;
hours=6.567298e-02;
iterations=2000;
center=190;
data_set= '../../hbf_research_data/data_MNIST_0.7_0.15_0.15_49000_10500_10500.mat' ;