task_id=1;
secs=1.961968e+02;
minutes=3.269947e+00;
hours=5.449912e-02;
iterations=2000;
center=10;
data_set= '../../hbf_research_data/data_MNIST_0.7_0.15_0.15_49000_10500_10500.mat' ;