task_id=3;
secs=2.158752e+02;
minutes=3.597920e+00;
hours=5.996533e-02;
iterations=2000;
center=130;
data_set= '../../hbf_research_data/data_MNIST_0.7_0.15_0.15_49000_10500_10500.mat' ;