task_id=2;
center=70;
test_error_HBF1=4.233166e+06;
train_error_HBF1=4.122298e+06;
test_error_RBF=8.437792e+00;
train_error_RBF=8.655646e+00;
