task_id=4;
center=190;
test_error_HBF1=3.020180e+07;
train_error_HBF1=2.915972e+07;
test_error_RBF=2.580645e+00;
train_error_RBF=2.624723e+00;
