task_id=5;
center=250;
test_error_HBF1=4.223621e+07;
train_error_HBF1=4.096113e+07;
test_error_RBF=1.602674e+00;
train_error_RBF=1.623201e+00;
