task_id=1;
center=10;
test_error_HBF1=1.332816e+05;
train_error_HBF1=1.290711e+05;
test_error_RBF=3.207676e+01;
train_error_RBF=3.242011e+01;
