task_id=3;
center=130;
test_error_HBF1=1.391314e+07;
train_error_HBF1=1.353648e+07;
test_error_RBF=4.297608e+00;
train_error_RBF=4.391591e+00;
