task_id=4;
secs=1.455174e+03;
minutes=2.425291e+01;
hours=4.042151e-01;
iterations=1000;
center=190;
data_set= '../../hbf_research_data/data_MNIST_0.7_0.15_0.15_49000_10500_10500.mat' ;