task_id=2;
secs=9.380355e+02;
minutes=1.563392e+01;
hours=2.605654e-01;
iterations=1000;
center=70;
data_set= '../../hbf_research_data/data_MNIST_0.7_0.15_0.15_49000_10500_10500.mat' ;