task_id=1;
secs=6.249101e+02;
minutes=1.041517e+01;
hours=1.735861e-01;
iterations=1000;
center=10;
data_set= '../../hbf_research_data/data_MNIST_0.7_0.15_0.15_49000_10500_10500.mat' ;