task_id=3;
secs=1.240572e+03;
minutes=2.067620e+01;
hours=3.446034e-01;
iterations=1000;
center=130;
data_set= '../../hbf_research_data/data_MNIST_0.7_0.15_0.15_49000_10500_10500.mat' ;