task_id=5;
secs=1.819058e+03;
minutes=3.031763e+01;
hours=5.052939e-01;
iterations=1000;
center=250;
data_set= '../../hbf_research_data/data_MNIST_0.7_0.15_0.15_49000_10500_10500.mat' ;