task_id=1;
secs=1.294333e+01;
minutes=2.157221e-01;
hours=3.595368e-03;
iterations=5;
center=10;
data_set= '../../hbf_research_data/data_MNIST_0.7_0.15_0.15_49000_10500_10500.mat' ;