task_id=2;
secs=2.003179e+01;
minutes=3.338631e-01;
hours=5.564386e-03;
iterations=5;
center=250;
data_set= '../../hbf_research_data/data_MNIST_0.7_0.15_0.15_49000_10500_10500.mat' ;