task_id=2;
center=250;
test_error_HBF1=1.306504e+08;
train_error_HBF1=1.269636e+08;
test_error_RBF=1.619041e+00;
train_error_RBF=1.638237e+00;
