task_id=1;
center=10;
test_error_HBF1=2.392710e+05;
train_error_HBF1=2.329170e+05;
test_error_RBF=3.303278e+01;
train_error_RBF=3.332052e+01;
