task_id=2;
secs=1.838211e+02;
minutes=3.063685e+00;
hours=5.106142e-02;
iterations=500;
center=250;
data_set= '../../hbf_research_data/data_MNIST_0.7_0.15_0.15_49000_10500_10500.mat' ;