task_id=1;
secs=4.529808e+01;
minutes=7.549679e-01;
hours=1.258280e-02;
iterations=5;
center=10;
data_set= '../../hbf_research_data/data_MNIST_0.7_0.15_0.15_49000_10500_10500.mat' ;