task_id=1;
secs=8.393342e+01;
minutes=1.398890e+00;
hours=2.331484e-02;
iterations=5;
center=10;
data_set= '../../hbf_research_data/data_MNIST_0.7_0.15_0.15_49000_10500_10500.mat' ;