task_id=5;
secs=8.476854e+03;
minutes=1.412809e+02;
hours=2.354682e+00;
iterations=1000;
center=250;
data_set= '../../hbf_research_data/data_MNIST_0.7_0.15_0.15_49000_10500_10500.mat' ;