task_id=4;
secs=7.044116e+03;
minutes=1.174019e+02;
hours=1.956699e+00;
iterations=1000;
center=190;
data_set= '../../hbf_research_data/data_MNIST_0.7_0.15_0.15_49000_10500_10500.mat' ;