task_id=2;
secs=4.423229e+03;
minutes=7.372049e+01;
hours=1.228675e+00;
iterations=1000;
center=70;
data_set= '../../hbf_research_data/data_MNIST_0.7_0.15_0.15_49000_10500_10500.mat' ;