task_id=3;
secs=6.001771e+03;
minutes=1.000295e+02;
hours=1.667159e+00;
iterations=1000;
center=130;
data_set= '../../hbf_research_data/data_MNIST_0.7_0.15_0.15_49000_10500_10500.mat' ;