task_id=1;
secs=2.981194e+03;
minutes=4.968657e+01;
hours=8.281094e-01;
iterations=1000;
center=10;
data_set= '../../hbf_research_data/data_MNIST_0.7_0.15_0.15_49000_10500_10500.mat' ;