task_id=5;
secs=6.119728e+02;
minutes=1.019955e+01;
hours=1.699925e-01;
iterations=5000;
center=250;
data_set= '../../hbf_research_data/data_MNIST_0.7_0.15_0.15_49000_10500_10500.mat' ;