task_id=3;
secs=4.979874e+02;
minutes=8.299790e+00;
hours=1.383298e-01;
iterations=5000;
center=130;
data_set= '../../hbf_research_data/data_MNIST_0.7_0.15_0.15_49000_10500_10500.mat' ;