task_id=4;
secs=1.180440e+03;
minutes=1.967400e+01;
hours=3.279000e-01;
iterations=5000;
center=190;
data_set= '../../hbf_research_data/data_MNIST_0.7_0.15_0.15_49000_10500_10500.mat' ;