task_id=1;
secs=3.395139e+02;
minutes=5.658565e+00;
hours=9.430942e-02;
iterations=5000;
center=10;
data_set= '../../hbf_research_data/data_MNIST_0.7_0.15_0.15_49000_10500_10500.mat' ;