task_id=2;
secs=3.484205e+02;
minutes=5.807008e+00;
hours=9.678347e-02;
iterations=5000;
center=70;
data_set= '../../hbf_research_data/data_MNIST_0.7_0.15_0.15_49000_10500_10500.mat' ;