task_id=2;
secs=9.286182e+01;
minutes=1.547697e+00;
hours=2.579495e-02;
iterations=1000;
center=70;
data_set= '../../hbf_research_data/data_MNIST_0.7_0.15_0.15_49000_10500_10500.mat' ;