task_id=5;
secs=1.159285e+02;
minutes=1.932142e+00;
hours=3.220236e-02;
iterations=1000;
center=250;
data_set= '../../hbf_research_data/data_MNIST_0.7_0.15_0.15_49000_10500_10500.mat' ;