task_id=3;
secs=1.526504e+02;
minutes=2.544173e+00;
hours=4.240289e-02;
iterations=1000;
center=130;
data_set= '../../hbf_research_data/data_MNIST_0.7_0.15_0.15_49000_10500_10500.mat' ;