task_id=5;
secs=2.598725e+02;
minutes=4.331209e+00;
hours=7.218681e-02;
iterations=2000;
center=250;
data_set= '../../hbf_research_data/data_MNIST_0.7_0.15_0.15_49000_10500_10500.mat' ;