task_id=2;
secs=1.884056e+02;
minutes=3.140094e+00;
hours=5.233489e-02;
iterations=2000;
center=70;
data_set= '../../hbf_research_data/data_MNIST_0.7_0.15_0.15_49000_10500_10500.mat' ;