task_id=5;
secs=2.138610e+04;
minutes=3.564349e+02;
hours=5.940582e+00;
iterations=2000;
center=250;
data_set= '../../hbf_research_data/data_MNIST_0.7_0.15_0.15_49000_10500_10500.mat' ;