task_id=2;
secs=1.098503e+04;
minutes=1.830838e+02;
hours=3.051397e+00;
iterations=2000;
center=70;
data_set= '../../hbf_research_data/data_MNIST_0.7_0.15_0.15_49000_10500_10500.mat' ;