task_id=3;
secs=1.452548e+04;
minutes=2.420914e+02;
hours=4.034856e+00;
iterations=2000;
center=130;
data_set= '../../hbf_research_data/data_MNIST_0.7_0.15_0.15_49000_10500_10500.mat' ;