task_id=1;
secs=7.474242e+03;
minutes=1.245707e+02;
hours=2.076178e+00;
iterations=2000;
center=10;
data_set= '../../hbf_research_data/data_MNIST_0.7_0.15_0.15_49000_10500_10500.mat' ;