task_id=1;
secs=3.447234e+04;
minutes=5.745390e+02;
hours=9.575650e+00;
iterations=10000;
center=10;
data_set= '../../hbf_research_data/data_MNIST_0.7_0.15_0.15_49000_10500_10500.mat' ;