task_id=4;
secs=5.526463e+04;
minutes=9.210772e+02;
hours=1.535129e+01;
iterations=10000;
center=190;
data_set= '../../hbf_research_data/data_MNIST_0.7_0.15_0.15_49000_10500_10500.mat' ;