task_id=2;
secs=4.165330e+04;
minutes=6.942217e+02;
hours=1.157036e+01;
iterations=10000;
center=70;
data_set= '../../hbf_research_data/data_MNIST_0.7_0.15_0.15_49000_10500_10500.mat' ;