task_id=5;
secs=6.187280e+04;
minutes=1.031213e+03;
hours=1.718689e+01;
iterations=10000;
center=250;
data_set= '../../hbf_research_data/data_MNIST_0.7_0.15_0.15_49000_10500_10500.mat' ;