task_id=2;
secs=4.127477e+04;
minutes=6.879128e+02;
hours=1.146521e+01;
iterations=10000;
center=70;
data_set= '../../hbf_research_data/data_MNIST_0.7_0.15_0.15_49000_10500_10500.mat' ;