task_id=1;
secs=3.144261e+01;
minutes=5.240434e-01;
hours=8.734057e-03;
iterations=20;
center=10;
data_set= '../../hbf_research_data/data_MNIST_0.7_0.15_0.15_49000_10500_10500.mat' ;