task_id=3;
secs=3.975171e+01;
minutes=6.625286e-01;
hours=1.104214e-02;
iterations=20;
center=130;
data_set= '../../hbf_research_data/data_MNIST_0.7_0.15_0.15_49000_10500_10500.mat' ;