task_id=2;
secs=4.158122e+01;
minutes=6.930204e-01;
hours=1.155034e-02;
iterations=20;
center=70;
data_set= '../../hbf_research_data/data_MNIST_0.7_0.15_0.15_49000_10500_10500.mat' ;