task_id=1;
secs=3.821092e+02;
minutes=6.368487e+00;
hours=1.061414e-01;
iterations=5;
center=10;
data_set= '../../hbf_research_data/data_MNIST_0.7_0.15_0.15_49000_10500_10500.mat' ;