task_id=1;
secs=1.585162e+02;
minutes=2.641936e+00;
hours=4.403227e-02;
iterations=2000;
center=10;
data_set= '../../hbf_research_data/data_MNIST_0.7_0.15_0.15_49000_10500_10500.mat' ;