task_id=1;
center=10;
test_error_HBF1=1.535754e+02;
train_error_HBF1=1.549025e+02;
test_error_RBF=3.237234e+01;
train_error_RBF=3.260462e+01;
