task_id=1;
center=10;
test_error_HBF1=8.886477e+03;
train_error_HBF1=8.625254e+03;
test_error_RBF=3.074183e+01;
train_error_RBF=3.105544e+01;
