task_id=1;
secs=1.282053e+01;
minutes=2.136755e-01;
hours=3.561258e-03;
iterations=10;
center=10;
data_set= '../../hbf_research_data/data_MNIST_0.7_0.15_0.15_49000_10500_10500.mat' ;