task_id=2;
secs=6.871471e+02;
minutes=1.145245e+01;
hours=1.908742e-01;
iterations=10000;
center=70;
data_set= '../../hbf_research_data/data_MNIST_0.7_0.15_0.15_49000_10500_10500.mat' ;