task_id=5;
secs=1.249670e+03;
minutes=2.082784e+01;
hours=3.471307e-01;
iterations=10000;
center=250;
data_set= '../../hbf_research_data/data_MNIST_0.7_0.15_0.15_49000_10500_10500.mat' ;