task_id=1;
secs=5.649308e+02;
minutes=9.415513e+00;
hours=1.569252e-01;
iterations=10000;
center=10;
data_set= '../../hbf_research_data/data_MNIST_0.7_0.15_0.15_49000_10500_10500.mat' ;