task_id=4;
secs=1.109429e+03;
minutes=1.849049e+01;
hours=3.081748e-01;
iterations=10000;
center=190;
data_set= '../../hbf_research_data/data_MNIST_0.7_0.15_0.15_49000_10500_10500.mat' ;