task_id=3;
secs=1.174103e+04;
minutes=1.956839e+02;
hours=3.261398e+00;
iterations=5000;
center=130;
data_set= '../../hbf_research_data/data_MNIST_0.7_0.15_0.15_49000_10500_10500.mat' ;