task_id=1;
secs=7.774641e+03;
minutes=1.295774e+02;
hours=2.159623e+00;
iterations=5000;
center=10;
data_set= '../../hbf_research_data/data_MNIST_0.7_0.15_0.15_49000_10500_10500.mat' ;