task_id=4;
secs=1.090046e+04;
minutes=1.816744e+02;
hours=3.027906e+00;
iterations=5000;
center=190;
data_set= '../../hbf_research_data/data_MNIST_0.7_0.15_0.15_49000_10500_10500.mat' ;