task_id=5;
secs=1.447249e+04;
minutes=2.412081e+02;
hours=4.020135e+00;
iterations=5000;
center=250;
data_set= '../../hbf_research_data/data_MNIST_0.7_0.15_0.15_49000_10500_10500.mat' ;