task_id=3;
secs=1.670681e+04;
minutes=2.784468e+02;
hours=4.640779e+00;
iterations=3000;
center=130;
data_set= '../../hbf_research_data/data_MNIST_0.7_0.15_0.15_49000_10500_10500.mat' ;