task_id=5;
secs=2.069943e+04;
minutes=3.449906e+02;
hours=5.749843e+00;
iterations=3000;
center=250;
data_set= '../../hbf_research_data/data_MNIST_0.7_0.15_0.15_49000_10500_10500.mat' ;