task_id=4;
secs=1.565323e+04;
minutes=2.608872e+02;
hours=4.348121e+00;
iterations=3000;
center=190;
data_set= '../../hbf_research_data/data_MNIST_0.7_0.15_0.15_49000_10500_10500.mat' ;