task_id=2;
secs=1.301376e+04;
minutes=2.168959e+02;
hours=3.614932e+00;
iterations=3000;
center=70;
data_set= '../../hbf_research_data/data_MNIST_0.7_0.15_0.15_49000_10500_10500.mat' ;