task_id=4;
secs=8.914042e+02;
minutes=1.485674e+01;
hours=2.476123e-01;
iterations=10000;
center=190;
data_set= '../../hbf_research_data/data_MNIST_0.7_0.15_0.15_49000_10500_10500.mat' ;