task_id=5;
secs=1.257801e+03;
minutes=2.096336e+01;
hours=3.493893e-01;
iterations=10000;
center=250;
data_set= '../../hbf_research_data/data_MNIST_0.7_0.15_0.15_49000_10500_10500.mat' ;