task_id=3;
secs=1.026662e+03;
minutes=1.711104e+01;
hours=2.851840e-01;
iterations=10000;
center=130;
data_set= '../../hbf_research_data/data_MNIST_0.7_0.15_0.15_49000_10500_10500.mat' ;